VRGFIP=    102
VRGFOP=    64
PERIOD=    2.000000
WAVE_CHOICE=  1
G1=        1
G2=        1.677676
G3=        0.000034
G4=        0.000084
G5=        1.000000
G6=        1.000000
G7=        0.000000
G8=        250000.000000
G9=        0.000000
